"V1","V2","V3","V4","V5","V6","V7","V8","V9","V10","V11","V12","V13","V14","V15","V16","V17","V18","V19","V20","V21","V22","V23","V24","V25","V26","V27","V28","V29","V30"
0.000370673609337812,0.000328078904134073,0.00766713274520981,0.000315050404921296,0.000159238905659076,0.00323322097615216,0.00751529910023239,0.00140333964538302,0.492219677086163,0.00330449376786239,0.00854333118550892,0.000420651675997607,0.0538538123402256,0.208877986662808,0.000147814207495881,0.00402679314294585,9.52081607733943e-05,0.00616609154399769,0.121573306230558,0.018675341346124,0.00188856301005351,0.000105831338351837,0.00294954716913175,0.00241006335511855,0.00215385870849959,0.00923342033559751,0.0217361986922549,0.000196544295202979,0.000737428461948026,0.0196920029923511
0.0017795638186252,0.000280643852664076,0.00320088806003232,0.000923503272765882,0.000175529903548426,0.0337781748214473,0.0119591901826857,0.00697241385478313,0.401125157990916,0.00732286407454357,0.0395129172669188,0.0014687710239189,0.0814527043340289,0.0793069659453937,0.000443859838405015,0.0511600631985284,0.000991861229044433,0.0400815730123609,0.186375615739204,0.00144838029602916,0.00322443271846242,0.00437178583547287,0.00142842809041967,0.00116545534743115,0.000333595071135675,0.0126776427131614,0.0163035334117381,0.00166290152277931,0.000568961027249157,0.00850262254630618
0.451631379171044,0.00172522829282232,0.00474141104116653,0.0100451678035952,0.000725649742962338,0.0302384727172175,0.0185497469301419,0.0128083982157928,0.00422444041779879,0.00640007718083851,0.0638054270259425,0.0157046790955237,0.0317095419880007,0.00259038448938376,0.0289535016118889,0.0216913694243882,0.173577728594635,0.00659300121002038,0.0346167076699809,0.00167754126704553,0.0140643845714942,0.000858433979521068,0.00139201685334483,0.00441090541074236,0.00115496898312658,0.0173622396193849,0.0279914971271298,0.00538060532438301,0.0014170749173527,0.0039580193233311
0.146186202347488,0.00376726716834188,0.0165007525612894,0.0168414344310122,0.000408341161632609,0.0186329551276461,0.0806835467818898,0.0283112903728913,0.0131090920336534,0.00884318357152473,0.0769232670092247,0.00334748481755469,0.18872431113163,0.00449845845470888,0.00877489006735844,0.0217896264041865,0.0457587250421609,0.0094790839865941,0.0528705461577721,0.00508362665974563,0.063724523657755,0.00188592351149673,0.00437763135144956,0.00841295367771012,0.00163766203953367,0.0108938551603492,0.146922381782959,0.00328119098907205,0.00423504969831233,0.00409474284305675
0.00558349606567007,0.0319534256668478,0.00468751679929717,0.00347592129202753,0.00991706738020104,0.113265671983675,0.106108406195701,0.00569230425923494,0.00747978577209953,0.0126532470979145,0.0403406334850291,0.00458563334456634,0.011279394530411,0.00173422142875054,0.000365734936510642,0.000468890304435158,0.00255884049801274,0.0124202158735314,0.0401376570701601,0.00396383892619095,0.00248860201805768,0.189424058370576,0.0025741010054848,0.00389925167400679,0.318413086917571,0.00164883333780557,0.00120022744172886,0.0560635545708976,0.00194410257538531,0.00367227917822011
0.0105268812633005,0.000537685075072623,0.00762370187439062,0.0435636087270411,0.0214108894602545,0.181775929126742,0.0512267411384995,0.0158521539092217,0.0139097920636911,0.0102460268364266,0.0240879670459819,0.0236703042948938,0.0208793083165954,0.00214142220219613,0.0718779465356838,0.234203747224355,0.00636971474290387,0.0211327236089095,0.0160777729475395,0.00571547789058072,0.0133609620090793,0.000333222968603551,0.00302422408026867,0.00246490373124739,0.00278886692377218,0.0198737321476182,0.157818035969602,0.0101644346976078,0.00112595479834497,0.00621586838957522
0.00229100993824434,0.00819260597589765,0.00203496131112487,0.000997071895492084,0.00211110767987691,0.0108565335835915,0.0860712482572285,0.00364123467031932,0.0145944861927955,0.0134468209144064,0.00715171903387782,0.000490107941012527,0.00596004707068532,0.0092127683038882,0.000506869432109121,0.00110624753471882,0.00185626307906259,0.0100002564323217,0.00696531715847068,0.00363145070017665,0.00140581814650866,0.000660369537819961,0.00207656874954806,0.0152848385307394,0.0321865967385248,0.00319264890477381,0.0018854550427748,0.00678562123310845,0.735126796655013,0.0102771593558889
0.0049072937466994,0.00912274420773922,0.0202663267711757,0.0233056746122434,0.00039471327428437,0.00322343034441276,0.0240048097718404,0.0198346994065656,0.00401874299175246,0.0203824613588534,0.0217002798338306,0.00368072153758897,0.0141716840373814,0.00106645842428228,0.0154092184789245,0.170118505195506,0.0963106608626317,0.0541708226380124,0.00866539259037643,0.0220581499602543,0.00829349258125846,0.00250716413537751,0.0353467692865458,0.0321969770467383,0.000731676186870257,0.0720802708103026,0.29031410718933,0.00694847618838369,0.0138082653237016,0.000960011207137236
0.00154887109246508,9.23251447334104e-05,0.000149107811177528,0.000241714162283984,0.000484529243848476,0.0138078109087825,0.00337597547396517,0.000429073129002461,0.00467938706056677,0.000369574192295673,0.0059270726427566,0.000209337104232476,0.000545467201741055,0.484313411596276,0.000283092861564931,0.000452607617728409,0.00139890397527191,0.00145839149596788,0.00683268632565053,9.09554457925591e-05,0.000131910146334852,0.000232128316767395,4.42912599718549e-05,0.00022039869004553,0.000357150883884375,0.00030279054865957,0.000523907888025465,0.00100610499497967,4.46199499830449e-05,0.470446402835245
0.00739441652706472,7.56015704248197e-05,0.000114155886190812,0.000241137857439609,0.000450047352794733,0.00829928827002831,0.0026642298157802,0.000405187535630221,0.00304315124942611,0.000275691035804539,0.00511553249712874,0.000167187391605625,0.00052414750135726,0.486438751831571,0.000307934377774425,0.000354053473298314,0.00185758427233294,0.00108133257951338,0.00427854666923991,7.06748652540224e-05,0.000166050693150241,0.000167502046725922,3.44507230558816e-05,0.000194478464598322,0.000263258365754139,0.000259490580117389,0.000432192961615259,0.000690574369009595,2.93608764540548e-05,0.474603988359859
0.00193867056362295,0.000872442894191288,0.00990917300402767,0.00056467447982716,0.000880401635252116,0.00193781276852632,0.0414573937319234,0.00370627706923111,0.10375801062591,0.00656345303830184,0.031699836606868,0.00544777026642642,0.00333241420329052,0.0571216947607105,0.000551157296089518,0.0147278650091934,0.000338487623137257,0.0268253215848517,0.0545358877605198,0.144564935725374,0.00984446028635319,0.002244680118137,0.308645389358623,0.0030796488793949,0.00157692935139168,0.1258603252926,0.0144154382767016,0.00132565485152386,0.00193436624724483,0.0203394266907554
0.00110250677839167,0.00197303927358175,0.0123603708525039,0.00614298052419734,0.00153878808115898,0.00227099983618981,0.0204721789353308,0.00465824990181521,0.00192159687215989,0.0304665802278778,0.00648653697443451,0.0380896190844379,0.00728380159575577,0.000636157931919122,0.128514206537653,0.00860166052225827,0.000909977875989903,0.0129516772936084,0.00214544683855943,0.146224162712353,0.0041709034548939,0.000249922990189262,0.378939078627603,0.0219094304233063,0.00235114389614561,0.0983359311926977,0.0483508356219511,0.000730847205414256,0.00781716394834062,0.00239420398928232
0.0362718248555347,0.000390870197154754,0.00109150533006939,0.00157858775674931,0.00135898828428076,0.0261435216439502,0.0904852330819073,0.00619536655921046,0.039949935792827,0.00770661604759719,0.0101963032263395,0.000933008602840636,0.00930449928947631,0.272877507290053,0.00179524994280321,0.00401149092122022,0.00140401108529382,0.00929388265719554,0.0137590595445784,0.00171614492910558,0.00699714572363592,0.000317423410942809,0.000420436157841543,0.00207737087592419,0.00451137640410835,0.00668619529044877,0.00947238891452054,0.00362482173857379,0.00271995869012497,0.426709275755691
0.0035903882446993,0.0164153128343114,0.0179049486292192,0.00295429073786405,0.000444561923200898,0.00239902817132754,0.0211983069783705,0.0299161548964913,0.00141142524935592,0.0190045678072638,0.0387712732272373,0.00161999377777016,0.0107265558831038,0.000877217959181018,0.0120106914319643,0.0272566781205477,0.353499148806151,0.0390186099820665,0.00441787126122348,0.00481987035920343,0.00254886923679135,0.00118241597584551,0.00393846845536672,0.177888064657065,0.00207429607387515,0.111747718908811,0.0589593757431075,0.0034896834617564,0.0289467533195166,0.000967457887312543
0.082071674253844,0.00322202572919904,0.0150813841937466,0.0659697646374628,0.00480917126767874,0.00866934519188547,0.0980318443383075,0.0069837827755726,0.0528356983523472,0.0130427178250855,0.0176496001431779,0.00705610916299581,0.0247596284448893,0.0108383931997881,0.0639279080877965,0.21818720739619,0.050560891100774,0.017514264619425,0.0188937893058211,0.0134171807695324,0.0584420904440081,0.000107029974786785,0.00701290535374324,0.035939810352442,0.0128232559402055,0.0142552000311215,0.0542056415640037,0.0026666884348715,0.0085041662734151,0.0125208308358835
0.00129557614867606,0.00186633638128379,0.0162467976323946,0.0112684417955176,0.000327728407811525,0.021740755683912,0.0414760714908044,0.00748391133428438,0.00975714646284892,0.0293669143116962,0.0195090866009349,0.0276053448227108,0.101871122189526,0.00136603473826602,0.141812741106278,0.0592122834903547,0.00193672119207486,0.010632548820007,0.00779251559852724,0.0736709423128622,0.00411133577465458,0.000297708883454033,0.0271298588945243,0.0216357883837833,0.001462238000217,0.133206380263302,0.219334625375478,0.000556538464475879,0.00351802677848464,0.00250847866085444
0.00932546771286005,0.00234018476014841,0.0158914094117013,0.0622065040712904,0.000705896655443629,0.00600958325010526,0.0441853226204083,0.189385465348001,0.00112493996942791,0.0146965642899462,0.043978721710689,0.00400097205603433,0.0106282229273264,0.000877422383190335,0.0123104257737995,0.0343547277115116,0.282236955850208,0.0747902443182342,0.0099568310611554,0.00425101734435494,0.00202285877604494,0.00469562496535752,0.00275071393510137,0.00731929156285226,0.00155082686110004,0.0530931200691691,0.0953244743826949,0.00686641578821828,0.00223429582385097,0.000885498609774224
0.000709989224504057,0.0150942369528118,0.018811719812316,0.0145012764449395,0.00216554213136466,0.00146610010020784,0.0525709350203351,0.0038523764329259,0.00163649773026108,0.0535608067910854,0.00850351437154112,0.0231202452466298,0.00420796244036056,0.000377239016913788,0.00197247225879839,0.002956443518002,0.00059853277589717,0.0832617128443478,0.00353638178943997,0.178274772981827,0.0731165979770387,0.0147163032163594,0.349769323941887,0.0321017021798149,0.00565115824531074,0.0189353698438181,0.00618390781826698,0.00285526257169976,0.0245944401803788,0.000897176140916201
0.0062341768512777,0.0042899413300359,0.00608184240258517,0.0274474059179044,0.0014695597709846,0.00415511536359795,0.0394309038493564,0.00799552670620294,0.00291916486837967,0.0118213300462325,0.0164286249485545,0.0143214577611398,0.00316042167656062,0.00152036196255287,0.149456507644431,0.206034842569324,0.210679923758037,0.0138555077770786,0.00427279672885824,0.00498201839657363,0.0214146480046606,0.000189668999739047,0.00406234253504687,0.0410051308481406,0.00280642989967598,0.0903080803347557,0.0902565756096081,0.00328019265777681,0.00624640362920988,0.0038730971517192
0.00415126244133488,0.00214458792105868,0.0118231516152981,0.000956927377034517,0.00127807452593402,0.148486291252595,0.226543487057464,0.0062624186747236,0.00206946422121139,0.00292302536155764,0.0117175105948034,0.00023595888856174,0.159253563086814,0.000775769254396437,0.000616489811944705,0.0245568833096787,0.0108915162133935,0.00356770864543884,0.00865430491765814,0.00901154444903546,0.00297479921632918,0.000925792402649186,0.00221184219074075,0.0018305913941375,0.134067298381062,0.00100796213746546,0.00320532521737409,0.216131341540501,0.000739620836530903,0.000985487063273574
0.00466879387544186,0.00850830832265961,0.0437675707764939,0.00932594880995254,0.0293071095724568,0.147737339996471,0.136700812269359,0.0213096581863091,0.00938129235111211,0.0164357065942707,0.104329149986558,0.0064380148814312,0.00938099057925365,0.00405060278177876,0.00120401963142343,0.0025132580089471,0.003096647121847,0.0482372975704404,0.0212256623673224,0.00991731049972952,0.00795113533165254,0.0826993704980893,0.0130850877498199,0.00601173424801014,0.102275700576545,0.00645526158385212,0.00408399450211088,0.116897802402071,0.0023373155279861,0.0206671033966043
0.0201816723214204,0.0175921153820462,0.0184791999743747,0.00478676420262755,7.5617110223456e-05,0.0272415931422231,0.00885545131008694,0.0184640533880838,0.00732708715488805,0.00991468060863796,0.0533634640831883,0.00063320233355754,0.0715295240865324,0.00114529696912543,0.00494223082914541,0.0567161420941779,0.00878882257319415,0.00786600211919042,0.0055307755458078,0.00703108926848028,0.281704186693572,0.00109440140218962,0.00519895888703514,0.00701541897356988,0.00017347608612081,0.295677587407528,0.0519809502676372,0.00137964583390077,0.00352206271558705,0.00178852723584797
0.0011636656045617,0.267003112503758,0.00088253156327181,0.000672629054053156,0.00151043468166595,0.00183110275522921,0.00802797512856735,0.00122917365064698,0.00108305297733372,0.00596500044533073,0.00622129602431676,0.000243318443104427,0.00140750207456025,0.00026405087697765,0.000472601986288619,0.000371811629984051,0.00190633676436662,0.00473175738502667,0.00096607622260026,0.00194637363099201,0.00156370828434341,0.00044189805066205,0.00195839987874353,0.159203977536418,0.00459481980093075,0.00365251203276021,0.000978659019511406,0.00335784849986327,0.515100526600398,0.00124784689373314
0.00415126244133488,0.00214458792105868,0.0118231516152981,0.000956927377034517,0.00127807452593402,0.148486291252595,0.226543487057464,0.0062624186747236,0.00206946422121139,0.00292302536155764,0.0117175105948034,0.00023595888856174,0.159253563086814,0.000775769254396437,0.000616489811944705,0.0245568833096787,0.0108915162133935,0.00356770864543884,0.00865430491765814,0.00901154444903546,0.00297479921632918,0.000925792402649186,0.00221184219074075,0.0018305913941375,0.134067298381062,0.00100796213746546,0.00320532521737409,0.216131341540501,0.000739620836530903,0.000985487063273574
0.00536290394230113,0.0183041819475072,0.0019520387467488,0.006210141838257,0.00530742171925529,0.056099536229507,0.0620604891156152,0.0605881469401042,0.000911036301570201,0.0133257223804254,0.0468190704661605,0.00827098583082721,0.00270946058737152,0.00450318689916975,0.000851851547580416,0.000241755025584489,0.00882328126932116,0.0127152296775986,0.0327556467250779,0.00138200770259697,0.000534951697061024,0.474490230895228,0.00257749577939352,0.00631503521059494,0.00986759703411837,0.00211305831446295,0.000904655057374765,0.145332950928059,0.000671004803418233,0.00799892538770949
0.0011106971797381,0.00191029551748929,0.00407444506761991,0.0288184593134796,0.693181793140146,0.00312323919467109,0.0108271606298415,0.00710260967919714,0.000780954602613006,0.0350464372625671,0.00577473786050085,0.0644185765708928,0.000876377426302295,0.000243498983129444,0.011722660697209,0.000505128597151792,0.00119329912509854,0.0127971999113783,0.00463082364847768,0.00391534724100602,0.00101992252605199,0.0495493894966288,0.00351330502781764,0.0030198532474099,0.00882573200420081,0.0291965958156527,0.00334166169313838,0.00662391970032037,0.000901862057768259,0.00195401678250145
0.00596707719317423,0.0025227684964917,0.0121091234046302,0.0573348426168478,0.000700999841333129,0.00639382332462122,0.0682538539809421,0.182136694498282,0.00145548728127152,0.0203150410835018,0.035158092872969,0.00517830753478205,0.0109761167092518,0.00110786779950464,0.011757143764217,0.0523591816793543,0.229862750518363,0.0779105079137607,0.0100938295380043,0.0045227060481994,0.00218034958173133,0.00554602998399326,0.00289620048873731,0.00776788910916938,0.00188306540522148,0.0522358500825912,0.116578325370767,0.0112339421543475,0.00262478037227675,0.000937351351662548
0.00842670054809396,0.00202613089003557,0.012256908457019,0.0783237419344681,0.000713341202775701,0.00583706442595405,0.04976212001195,0.175949584411219,0.00129560422079452,0.0158669468276694,0.0388983089872451,0.00523133773112449,0.0110362816824769,0.00100795029485487,0.0137094461108611,0.0399136069118687,0.249304783070183,0.075578205606957,0.00994348138170608,0.00432283486090878,0.002067356846219,0.00377107723855078,0.00259737037573774,0.00753851474552418,0.00158715200262328,0.0523979338587202,0.122589642013937,0.00484387636501325,0.00223079125089276,0.000971905734616978
0.00620370322714883,0.0110952709642631,0.0158825883032849,0.0046269609261784,0.0117178197995294,0.0640111553548043,0.230115944682154,0.00378849673537727,0.014252361178151,0.01073665804651,0.0261556170274369,0.00149519196543818,0.00780959809450571,0.0027763660004785,0.000577140861498125,0.00377066971626276,0.0185462296725149,0.00971249603533836,0.013097888751256,0.00293905774602927,0.0285189874443011,0.0219462789953191,0.00144148672930181,0.00334253184938361,0.405608322037572,0.00138515358149647,0.0020776313550228,0.0683545841780691,0.00183920639342576,0.00617460234794863
0.0526301255172585,0.0537006317077851,0.00645975578749789,0.00397974269936698,0.00753021904077759,0.0197553078649185,0.0825769442369736,0.0483392440743485,0.00177047602392939,0.0234114429835024,0.0579196264996964,0.0117721965781114,0.0060289712666409,0.00118614858127386,0.001257126798747,0.00283322938341044,0.00728443958200042,0.0212480131956069,0.00751043522678851,0.00685286673919205,0.00446842421789053,0.348340116449369,0.0162562980037595,0.00971339301392726,0.0390287350982797,0.00497345253623879,0.00584802611977569,0.143113300801333,0.00160074784416069,0.00261056212743932
0.0371439430978813,0.00242085868245801,0.0108668344258702,0.0121000417368331,0.00652351482425889,0.101074970331407,0.0149570014863365,0.00405011408657092,0.00383330110760499,0.0239051933017936,0.0664702889110598,0.00251265675604931,0.00653447007021422,0.00193425719072782,0.00410421211509881,0.0109161418547348,0.458757341504833,0.00770768202949833,0.0813683249684038,0.00112648754781535,0.00121445849317561,0.0044599287946871,0.000459717525369677,0.00264708676288813,0.00909697233761734,0.00241703221966229,0.0096960287820677,0.107800810787086,0.0010770360372656,0.00282329223073134
0.00052443361818849,0.0188933043424968,0.187069604233529,0.0237986722876785,0.00338175785465635,0.00135086494127942,0.0242223600724546,0.0171323774529855,0.00335093374510542,0.0205933223529617,0.00922853391934917,0.00172251256793505,0.019167585688765,0.000285094517290328,0.000735138067152585,0.00156876590363396,0.00113099789613583,0.0164047875103423,0.0117606760002688,0.176798103552172,0.00355454300099805,0.0341169047499647,0.346921383582279,0.0222539454822253,0.00184165458804172,0.0294317969258317,0.00629239115793993,0.00388038226156518,0.0122386970245071,0.000348474702266203
0.00102613819436221,0.0100171859652659,0.0877320944515766,0.018634751769968,0.00467937221554672,0.0178644314617693,0.0328621329090904,0.00400466174073204,0.0164738779871059,0.0800270083938735,0.0191077916311288,0.00393138399215414,0.0152550345381941,0.00453687629589376,0.00360448190254978,0.0294031057473525,0.00165844870164548,0.24329897382167,0.0387175161400219,0.0651911730891302,0.127676706733257,0.00136735171639005,0.0257871467578984,0.03594820900506,0.00595512998420381,0.0650874238852802,0.0148445259050228,0.00312264397896176,0.0138465239141008,0.00833789717079461
0.00794725333416249,0.0840395268814421,0.0857530632581685,0.00125015436356011,0.00222157711305972,0.0211750946270799,0.0552863121760683,0.0100230848316,0.00244215154826337,0.00389036569974971,0.11653570584894,0.000750074337134936,0.00324121569978218,0.00857154094784121,0.00198167442257954,0.0955225636180535,0.111065522405409,0.00534798891131661,0.011518407710814,0.0133445278152017,0.0173579839274786,0.00210321570551499,0.00530458211716767,0.0138997653702779,0.00640668031228873,0.00721931782224325,0.0522209686463938,0.236687209298253,0.00238726245972762,0.0145052087904278
0.005290039245714,0.00204170392480188,0.0129179398538624,0.00597648376764465,0.000762580726165342,0.0457149298414512,0.0160706048351409,0.0500595016112634,0.00892284399134777,0.068844487394375,0.00920422798977278,0.00266963366953666,0.0496606633489585,0.00310491300818523,0.00176458997111923,0.00111913721934439,0.000457503692257067,0.144939949698757,0.0279665785184045,0.0526312745655667,0.00600569727571077,0.0185322541202591,0.0194507455795362,0.00436244054237123,0.00293685725695788,0.420831338634964,0.00324349153355707,0.00253800370626216,0.00916993056790848,0.00280965390880504
0.00610136281884383,0.0113991181289382,0.0631211638578087,0.00207732445603397,0.000388106326383173,0.0464110728428982,0.0879488359749446,0.0215987942886031,0.002751060895481,0.0177503342950844,0.0331950092530396,0.000356300375850578,0.167404833888876,0.00116800029521077,0.00250976544488553,0.247440590922409,0.0150249117770905,0.0160396933862802,0.00626611200735341,0.0135618638048131,0.0363695454190919,0.00136741139612785,0.00765022154061086,0.0395854217902248,0.00206052383098777,0.0131595160624384,0.110907710684046,0.0164841184678823,0.00881880207188393,0.00108247369587846
0.00787958003276891,0.000170497987442534,0.000284530094770297,0.000259864069546309,0.000667361893893714,0.00937865235729555,0.00692202429889012,0.00061075910206471,0.00552529888200136,0.000557638735012172,0.00760604677350414,0.000251450163174504,0.000828281680437727,0.467823757896259,0.000290407962200586,0.00054083158585332,0.00130297418049621,0.00173248274918633,0.00525397987514652,0.000296954155275119,0.000397544527735251,0.000289388674418312,0.000167326018827172,0.000376691554006541,0.000749252435231207,0.000454611203073778,0.000803491659528632,0.00136431309853591,5.75442947536528e-05,0.47715646205867
0.000993328754969005,0.000227275395608768,0.00390880136773213,0.00879489401286378,0.000330494680956679,0.0115607785106585,0.00790870073036539,0.0440653241665473,0.300920786778031,0.00360904181387857,0.0107011439866704,0.000592088919628378,0.0626489408727119,0.106996929909308,0.00118535955107181,0.0409337996897411,0.00103956468728178,0.0147463911153498,0.166332410782623,0.00722569014463085,0.0037266612055304,0.000210883059364517,0.00353646801019585,0.00234061214525882,9.58621721800117e-05,0.103727838052751,0.0215224677190213,0.000105088962283179,0.000145699598464814,0.0698666732043212
0.00376237413329262,0.0806897784254717,0.0914008622995879,0.0232756230309201,0.00493591050911797,0.0243825985229272,0.0371494674897171,0.0411658898317747,0.00100285539425556,0.0236950019615493,0.026748289277612,0.00425738143421591,0.0147082518292332,0.000212741367311549,0.00398017172206065,0.00343195445298031,0.0152478654484498,0.0136937219393282,0.0157227762561102,0.0164689000382074,0.00309357902490084,0.0704966121578721,0.0149406514115069,0.0205628262247642,0.0314697843029615,0.0105067586524976,0.0108628081844863,0.322679430730621,0.0684925205377779,0.00096261340848781
0.0310046172273488,0.00408387064393599,0.0200826391144653,0.0341738217894732,0.00368193838581687,0.0437798898202148,0.0913650661265749,0.0168984815564484,0.00229518595977909,0.0107177315411225,0.0412184252324641,0.0275520997760845,0.0536341293259929,0.00122936946223483,0.245529776940776,0.14005828731072,0.0970351469250101,0.0112864985511992,0.00695161313501957,0.00356665486909831,0.00636051566881701,0.000378634968472043,0.00352550316972546,0.0233065923666404,0.00883500301565099,0.00902213208232967,0.0348968405302995,0.0203338035855477,0.00356986225243437,0.00362586866630454
0.0117987860227095,0.00139272082506285,0.00333423287739419,0.00549148634192185,0.00196982757703419,0.0358194260187684,0.0268230098830941,0.0121747607269125,0.00707363479559085,0.00627834505235716,0.0225494309310344,0.00788978836561393,0.00845382885214613,0.0330496762059724,0.0748769797553563,0.375545361395821,0.02435066139116,0.00689580534185238,0.00695886273334525,0.00132421088135222,0.00501687063336455,0.000233644242482669,0.000962290058291067,0.00843706623169555,0.00186630087330642,0.00602751393585254,0.183162828493112,0.0761629569711235,0.00133106838720594,0.0427486241990657
0.0227541264281324,0.00218093304455866,0.00184342814803755,0.0186397906557034,0.00335322228431535,0.321443147841959,0.0146186934900914,0.00316254849151672,0.00704948803234666,0.00203288184188127,0.0783289082490601,0.00468401107604999,0.00562305401561363,0.00185445504541487,0.0101788478150686,0.0797699120654462,0.16110775743437,0.0019416296048018,0.00932769798296534,0.000288548638013368,0.00166995488338068,0.000400701557549407,0.000160086575321315,0.00211284561744481,0.0024570977248832,0.000857256887017843,0.0799482394102745,0.157151713256124,0.000524326958530934,0.00453469494412768
0.00665976565766975,0.00240311346426215,0.00878023581145209,0.00408437137820457,0.000163479430801747,0.0841895796620655,0.0269248029064435,0.0129747115648956,0.0260446658688995,0.00824621338737868,0.0336160171301149,0.000843573576410502,0.219864577394873,0.00439171350895852,0.00363035458501488,0.202393190001351,0.0112869167491722,0.00482983782783702,0.0204560627923974,0.00227380667446995,0.0205971079605085,0.000487107888377411,0.00129482549316972,0.00721757548144109,0.000781035875879238,0.00800031426414337,0.266232287695295,0.00625626004682968,0.00199590788908851,0.00308058803259493
0.00652700527525577,0.00200231323632072,0.00426837510272642,0.00570604301752187,0.00020669099717039,0.0928860694086372,0.0198366424156185,0.0152576774417009,0.0235644274658102,0.00771178215404032,0.0337364086333649,0.00145376774952979,0.213427020794146,0.00543061762720871,0.00762968869520495,0.203105607512136,0.0259699021080092,0.00790702945594062,0.0356384894515749,0.00118870897572504,0.00422472860718961,0.000693540840817633,0.000917478600786749,0.00652340402214505,0.000689291195385198,0.0083031562867185,0.24108133409696,0.0191435558777034,0.00205905295295992,0.00291019000169164
0.0074130708391084,0.0082893540572029,0.00684388792414409,0.00476994725232915,0.00122409108237497,0.00298143506933595,0.0418152997873394,0.0208623462887077,0.00312661619451045,0.18611082665571,0.0144981303908047,0.00640255781806885,0.0373860340573854,0.00071253662967806,0.00123014272533063,0.00141411434180991,0.00335218132572303,0.0778890241687815,0.0189814499528741,0.00659300473998757,0.0059018172037372,0.456065350993223,0.020850328752977,0.0174600160131475,0.00197112531294334,0.0257827310110096,0.00718163971614556,0.00499877281662665,0.00745257533173574,0.000439591547247386
0.00115829425542428,0.000185107511779743,0.0043270962932115,0.000558459963650627,9.73533676087495e-05,0.00555540652158131,0.0198333162269655,0.0033272122157591,0.38863097614706,0.00379788691425718,0.0313566511245816,0.00361305275997687,0.0495890860288933,0.213218393550771,0.00035772859790667,0.0310835751451359,0.000627795786418661,0.00506298929424024,0.160144165207745,0.0021995127948213,0.00433466153869983,0.00144186717566986,0.00131482977442354,0.00109430673499772,0.000248013755252693,0.0193603974984451,0.0258295755803113,0.000577431350427882,0.000429899013842407,0.0206449578701407
0.744852129677976,0.00219033276556029,0.000836172988805558,0.00888561683178959,0.00163618450347465,0.0541099159416789,0.00692689737397628,0.0021064233454622,0.0015722401888654,0.00187947600219377,0.0740598672321657,0.0023352523825749,0.00482405416820582,0.000648715488215464,0.0035490957048837,0.00280285920998742,0.0573285202519073,0.00173500482810469,0.00584196952977857,0.000247770367944836,0.00233203989274684,0.000355396731172012,0.00015588931482648,0.00324974556387693,0.00137050970435124,0.0010920170498558,0.00539485822592669,0.00455973505412241,0.000758495180194972,0.00236281449937569
0.145872572309036,0.00738930481664459,0.00645488578742727,0.0331361471305441,0.000672481118133099,0.011801081973464,0.0255605410087052,0.146250620425938,0.00714276174786214,0.0109826790882595,0.0819252659785968,0.00293395183240867,0.130006524050301,0.00289483059130521,0.00745130541710414,0.0132420349358678,0.0575065787229551,0.0205883083372101,0.044190359046297,0.00288329315468185,0.0035572328562946,0.00210313801501793,0.0032134285676269,0.0336482593895445,0.00141391585887379,0.0160811910527058,0.156868438981102,0.00617169509568371,0.0156639273308185,0.00239324537959019
0.0152651506000787,0.00417355003908442,0.00625865256653852,0.016898477816645,0.00713845237950279,0.0187986778459376,0.0338469682458429,0.00714101117453132,0.027627570851063,0.0151732879241209,0.0401420648673867,0.0229970431121243,0.00781665461917524,0.0148788990356845,0.100218145314801,0.173596126276659,0.0848541335170806,0.0113557040295221,0.0360034037134411,0.00357767894039553,0.00902183711745797,0.000231911578552666,0.00214786767828726,0.0503455815725194,0.00498928991430919,0.0134428783144713,0.228402461502976,0.00827452793335963,0.00640201599030638,0.0289799755281451
0.00360566186410713,0.0170797086388662,0.0185022619606448,0.00273891066229466,0.000406134140661266,0.0028563859062721,0.0218558005550294,0.0307526155026776,0.00155094760735602,0.0194444772802226,0.0407945531801647,0.00145033775815515,0.0126539879340368,0.000944401706578988,0.012208342766575,0.0404910219546783,0.323609181341692,0.0420281708270215,0.00446111082681344,0.00469679298292901,0.00290571800842556,0.0011114393044796,0.00413833698622954,0.18962803211752,0.00193863570575259,0.11537362392346,0.0451330425115211,0.00362577774113129,0.0330704908133933,0.000944097491309816
0.00998450269082479,0.0540353474369272,0.0177053453733785,0.00946047827704372,0.0104096383794075,0.037715540528147,0.0713587959577909,0.0420242807137643,0.00163878009485604,0.0987708124719927,0.0550013688451812,0.00574465889999832,0.00548253239074101,0.0125032428646596,0.00448067578956835,0.00211298647690096,0.0335817245348743,0.216169163660154,0.01141432550843,0.0115811385371604,0.00504573354424036,0.110029770930484,0.0157871107963153,0.0261690917810629,0.0241219972268687,0.0171744695300028,0.00329803968700721,0.0568773147651238,0.00520764928158553,0.0251134830255083
0.0166329708224151,0.00322342422140909,0.00477068979263766,0.126432138752972,0.0156646155562466,0.149200100667338,0.127175310402515,0.0109885638912239,0.0165363787190725,0.01526139320579,0.0853802514257396,0.0991034091639956,0.0128463499286574,0.00338564992970194,0.0171493082939715,0.00815061784884954,0.055970239101692,0.0100013934725529,0.0771381567937553,0.00286408247844963,0.0020422130712202,0.00241040631785146,0.00118167226692858,0.0061905414374711,0.0521945401198638,0.00502410413862749,0.0289620148978194,0.0298507144604899,0.0042259518261665,0.0100427969945759
0.586002335364545,0.000680197077985616,0.000975148652531408,0.0389155273532091,0.00177368571582246,0.00981995298372234,0.0365094664843774,0.00420582806823956,0.00539502272730869,0.00190268840715758,0.0215898044504492,0.0118049200899931,0.00279893845108855,0.00466687090293297,0.00475824168965439,0.00447779683702322,0.188658798481083,0.00193511076973317,0.0445245208835053,0.000399910490507406,0.00119656376779552,0.000546117821486114,0.000266119570998617,0.00140343859382536,0.00167408745797374,0.000892272153876564,0.00902702481951244,0.00800521571776425,0.00132822292166687,0.00386617129423151
0.785653842824632,0.000839459208788676,0.000803313491728293,0.0543005409363902,0.00256924396079539,0.0294059111913466,0.0115365576323669,0.00628934767663888,0.00112425272583264,0.0034419679165576,0.0111344563786796,0.00280883108947365,0.00493056773776017,0.000659084711453249,0.0143667036699949,0.00195911209119978,0.0404837449142841,0.00350110539510741,0.00486662081186577,0.000425945993424422,0.00174664596384632,0.00053520031117823,0.00028398599242345,0.00193826659120233,0.00139344037689245,0.00142934740806996,0.00430302247688012,0.0042624893814361,0.00105835296798348,0.0019486381717677
0.00102546393761491,0.0174582216793423,0.0261676115689869,0.0034865684637584,0.00069971994580236,0.0628818281673705,0.0822057245928719,0.0373530153340117,0.0605359910245889,0.00591689744231334,0.0236283890786033,0.000148717652215334,0.343464408401058,0.0143824854821064,0.00081866235598038,0.0213784421748811,0.0013784838463759,0.0175014298065857,0.0198981174688485,0.0130853019180997,0.0427506832411225,0.000604488105717165,0.00595943407327766,0.0263888550562052,0.00144279561189673,0.099583355775191,0.00686166455710749,0.000485200508673312,0.00132451826200205,0.0611835244673906
0.00630915812508524,0.00465296231871797,0.0162962388059985,0.126460526932312,0.00147972989394808,0.0290181535287846,0.019386069385748,0.179847697872135,0.00217881689511099,0.0191931265078263,0.0252264493569602,0.0300359226956122,0.117541600015342,0.00120085349032963,0.124508219577132,0.00344769223287677,0.0122499348174525,0.02147707973996,0.023677888787271,0.00275455297985412,0.00245962861165853,0.0775828018731286,0.00585127262186559,0.0409831748946568,0.000574270798081459,0.0790179018713177,0.0191088893230157,0.00382104856782791,0.00176081187643449,0.00189752560355582
0.498576754985917,0.00197905844503513,0.00108213364443786,0.00539803642588941,0.00126528364246028,0.0613193751823054,0.028105269859282,0.00728660159597282,0.0046745556539189,0.00143138312633951,0.0862325012569326,0.00166478525808494,0.00419508103513647,0.00194541336418319,0.0015710683040362,0.00291073075798345,0.21655186520168,0.00174394853789901,0.0418902063560984,0.000192390944576097,0.00115163411526037,0.00103085354979155,0.000140607660194556,0.00160665122404493,0.00307708829759157,0.000746628350334437,0.00360890532378206,0.014267649392466,0.00107916745308495,0.00327437105528113
0.194653820162929,0.00195307774225708,0.000634249935887734,0.00791029293777186,0.0451541518435083,0.189107339628616,0.00646558976043425,0.00202437594520516,0.00417457126932023,0.00105105846553648,0.0343311662952864,0.000429857686400843,0.00658237394249893,0.00164188207855149,0.00123243989184047,0.00238027501836315,0.180157088312977,0.00108154706277959,0.068807054121088,6.8839459716089e-05,0.000434643880385501,0.00136326906961058,4.43078090955864e-05,0.000820166428025222,0.00262641696350138,0.000177886499541579,0.00273061873333892,0.237893567135099,0.000617887220617488,0.0034501846998165
0.0107446272184081,0.00477582811951712,0.0170331661711799,0.0226321112529925,0.00116608198400423,0.00760855484301799,0.0628542847153118,0.0159328579053679,0.0109626486736944,0.0621208563895167,0.0613888935089182,0.00936761032823664,0.0286899801102325,0.00305868594460945,0.0238110340990729,0.0625472062615942,0.0885080013156961,0.0204431119735637,0.0117195394379325,0.00659253533706212,0.00986092601226226,0.00131187388538391,0.0041444096114049,0.0293456038329814,0.00277229781560594,0.0583586390324842,0.344484542120097,0.00336481788283133,0.00879745602603547,0.00560181819098477
0.00401531003718086,0.0192699286264587,0.0311757484253132,0.00265098249499975,0.00166513670992606,0.00479500733447596,0.0235719034868995,0.0174038904452199,0.0010603490248796,0.0110417657810528,0.0422245255685762,0.00304272140337376,0.0015388455186077,0.00472606807342514,0.0471263134961874,0.0191763199771656,0.42167168939293,0.0144161289065623,0.00379382935002202,0.00600755823930966,0.00571076409890761,0.00134448641652179,0.00266547256327346,0.0479753102397508,0.00971933554995365,0.177497329014718,0.0219328910886261,0.0269782311030382,0.0125316171612921,0.0132705404713531
0.00268638351194438,0.0135678194194486,0.0347925464467892,0.00500398570293147,0.00169697103834506,0.0433823898347589,0.0136619501099912,0.00747118580001214,0.000728990728650048,0.0112543099041957,0.0742216998742547,0.00467348812542212,0.00327455579789591,0.000455922927578178,0.0529285633384089,0.058851610255847,0.407946824696509,0.0127211763852814,0.00270458065148339,0.00665736123815725,0.00746290822988689,0.000676073265504613,0.00462492614009968,0.0352665291261204,0.0048201268260103,0.159324001389395,0.0114128665049522,0.00508047109486743,0.00995364247079,0.00269613916446976
0.0114572827005905,0.0878002123003828,0.00226033042562099,0.0448628850895749,0.00219175513127693,0.129497876888736,0.03249334489676,0.0144443533887755,0.000385576915189928,0.00452851445389518,0.0945308633976773,0.00368022021012998,0.00387373145343889,8.47686708337039e-05,0.00574882725838746,0.00278360239417593,0.312898010212778,0.00341977973191217,0.00387474143837421,0.000406122321167463,0.00147321678247427,0.011276998024029,0.000561033109453699,0.0158863624467422,0.00440308491421504,0.00180070606554635,0.00344588901305403,0.192656703307734,0.00666285881936439,0.000610348237709794
0.0201926697622026,0.0120923162415553,0.0772142048053651,0.0169792079724005,0.00767762246660372,0.0274765995846618,0.146817727400255,0.0278268710356058,0.0050545050057627,0.102889184693075,0.0328511087614833,0.00864270094838229,0.0501967072443817,0.0018549537056427,0.00231533743981968,0.00270220699651915,0.00405652577033893,0.12585290049183,0.011303118006249,0.0233697545372125,0.0142694699983993,0.0700793453422179,0.0175155848669468,0.0228816541879335,0.0194071340409811,0.0290456609880011,0.00407286618226791,0.0560658122253569,0.0541788661106047,0.00511738318794347
0.629466309061034,0.00156594478790964,0.000820501406266103,0.0108704678931113,0.00335440550325245,0.0389153586512721,0.0100742578781021,0.00248911074606775,0.00258363186357623,0.0017438232219144,0.0383012411878176,0.00256472544901035,0.00324364147623544,0.00141241833928329,0.00459348077016668,0.00430294860618458,0.201692200522759,0.00164847439285779,0.0140038986853584,0.000184466224232193,0.00120732083797009,0.000414076398496164,0.000118084578771242,0.00191034327942903,0.00181538737939713,0.000666988797871805,0.00784415394323027,0.00825758698211803,0.00078396320695727,0.00315078792934833
0.00469511417321268,0.0279532977603594,0.0340312629740495,0.00763762136132716,0.00751020932551325,0.0229450992679593,0.0354826291198196,0.0117486460488001,0.00231754467496313,0.0745484029928563,0.0387067532627798,0.00710864685306762,0.00952282887758708,0.000478985869543115,0.00607821724910843,0.00868230026367642,0.0130512155671565,0.0199572559502193,0.00681403873478353,0.0110482273496518,0.00577611983454221,0.00352893497644715,0.0107232812468202,0.219574394639707,0.0176698129667407,0.0198170159674027,0.0239882360926244,0.316858735757964,0.0291337929847294,0.00261137785658825
0.000419585837026007,6.21128843606764e-05,0.000723433073033418,0.000113377136456592,3.03432440622031e-05,0.00311980006697429,0.00306186286565925,0.000710765049823454,0.3865422005235,0.000935633618541645,0.00202807995422495,8.35998762067185e-05,0.0826501525845479,0.332247679486958,5.12454781644388e-05,0.00110599213975743,5.16454987765777e-05,0.00330754359284026,0.16631815856215,0.000868323098526104,0.000586738313588541,6.84437732215029e-05,0.000193830158982154,0.000447430601662018,0.000514092202165312,0.00222100169251266,0.00185193197924537,0.000112532439858916,0.00024846209280378,0.0093240021743696
0.569164536330488,0.00267859381522295,0.0016724843216485,0.0175810902568104,0.010109889819878,0.087331797869922,0.0520641619497492,0.0058914588294268,0.00272802191268443,0.00506649372502514,0.0495065211892353,0.00506005854759124,0.00638494235234252,0.00108542981205268,0.0060752273267397,0.00430561760274062,0.113572081851357,0.0062747251746452,0.0093072845414126,0.000546137537256619,0.00213623083229841,0.000992007182032106,0.000379635290432797,0.00336661428303337,0.00566649859755077,0.00145502159084477,0.0064600025709471,0.0168011405731641,0.00216135890119412,0.00417493541227367
