"V1","V2","V3","V4","V5","V6","V7","V8","V9","V10","V11","V12","V13","V14","V15","V16","V17","V18","V19","V20","V21","V22","V23","V24","V25"
0.00039960098420388,0.00290348656945635,0.000412146359349622,8.7198690426757e-05,0.0586485380487481,0.00021827885392796,0.0218045880603581,0.00234066904421304,0.000124350794583236,0.00402495011377488,0.00068974931344183,4.30536170299197e-05,0.621580785942272,0.0023909113822521,0.0118175907429181,0.132573271677033,0.0451250531750047,0.00123684920978773,0.0788144758925141,3.75701566758881e-05,0.00728533522030704,0.00137547812904082,0.000384310968179438,0.00112785500424712,0.00455390205025367
0.000500487884597612,0.0243679993531848,0.00131157723840493,0.00808662220533892,0.0266126162691759,0.00133630403635448,0.0447596307203649,0.00982278640531064,0.000638181904658136,0.00379318778022762,0.00174010912274015,0.000668153290882441,0.747418041683295,0.0323375901899247,0.0135646533529596,0.0135226263877062,0.00861863498794135,0.00351852903126913,0.0318223994724734,0.00214155539115129,0.00121621861897533,0.00727891188636267,0.000480541996636426,0.000903099615620401,0.0135395411744442
0.00155902520672621,0.0631121907959872,0.00215134031824527,0.000326527868531188,0.0127164369274665,0.0146491776572941,0.00844353653685418,0.0955781097855533,0.537444518542166,0.00820611698413915,0.00859680373681237,0.115905461366005,0.000712887154368744,0.00764322379775121,0.0205218954247661,0.00154390062078466,0.00590892400515284,0.00871669006625822,0.00687062234736929,0.00425373303184321,0.0174404056671366,0.0313320229358118,0.00169246633012134,0.00236222994229775,0.0223117529505574
0.00218979673121075,0.0643554327993695,0.00536779375840781,0.000299601582188679,0.058750999949304,0.00425681184987235,0.0265237681217353,0.237128393858939,0.150431457902797,0.0181307790642404,0.00854706321552379,0.0292721563236146,0.0363208111843931,0.0298834801152782,0.101052709149137,0.0249422367822092,0.0231073954770605,0.0097506603102053,0.108566987069348,0.005232702895153,0.0147929459500101,0.0233781918312008,0.00127391860452173,0.00200111698380954,0.0144427884904704
0.00992906733713705,0.0934355322779013,0.0050260267592747,0.224546596716791,0.0442755958793206,0.00278151306599977,0.00485452147398917,0.000673426784188317,0.00163060996298628,0.00286367264709324,0.000355319143767632,0.0130890851829436,0.00892379934699114,0.229807441375847,0.00776446441717179,0.00542896567411261,0.037942526262777,0.031449511991337,0.0081997468024564,0.00315235581883338,0.00318006083099703,0.00375764526731716,0.0333523589840047,0.209989176693946,0.0135909793028155
0.0241570111280571,0.180825788668073,0.00948699536133906,0.00195602369813251,0.0412726374516406,0.0567751380003545,0.0211281747053736,0.229766058460426,0.00721559465641022,0.00309055149017874,0.220415471937934,0.0220887933608968,0.00313348956887788,0.0204573904331025,0.0184657173499824,0.00450185534732586,0.0230529661593194,0.00892212075430599,0.00711027146335742,0.0239647301533034,0.00301980064765078,0.0493547718332034,0.00128424689002486,0.00466168151896675,0.0138927189617624
0.00599826283967548,0.00208176308962577,0.690574050407425,0.000592596636013379,0.0088508848300405,0.000278631206252396,0.00214070025036671,0.000479828711048501,0.00146015202944997,0.00093388537525766,0.000351048277222351,0.00225621849511356,0.00140487762386556,0.0738050270614443,0.00191669153034273,0.00741766579286483,0.0112542828410863,0.00423250553152025,0.00526031759361447,0.00021357161456956,0.000295673077821976,0.00109856602375944,0.0111764287808184,0.158798777585963,0.00712759279483751
0.000290332234583458,0.00598626005727029,0.011254373390125,0.000830404175754758,0.0285457798763031,0.00488301411161036,0.0852328868304702,0.466170409237748,0.0071593001925388,0.0603139812432311,0.0578830018934391,0.00567364942922875,0.00729481690838816,0.00465529544415524,0.0188113577868087,0.00144461548084492,0.00460202553549343,0.0478397148073553,0.0300123001003691,0.00486039551084068,0.02130333316927,0.0300743997532146,0.0210111388776078,0.000993827836142764,0.072873386117206
0.000651053404622011,0.00670206462331004,6.02447558667444e-05,0.000262148715739101,0.00955770373089317,0.00054274545218369,0.000833256453953709,0.00104792771041305,0.00300108155752869,0.000248991056724502,0.000419817342513835,0.00134985720021936,0.0335257093456333,0.0024645146817483,0.00251233448525287,0.881594854777477,0.0258480657603913,0.00101451133329466,0.0254098444955513,8.41490749383968e-05,0.000227723503197555,0.000906325577435716,0.00010456055890234,0.000718922449041423,0.000911591953168059
0.000506344815411268,0.0154076561908548,0.000128302888116107,0.000118797176056226,0.0113421519689227,0.000561089505949729,0.00145712184339264,0.0015135535176781,0.00323014001172942,0.000677210569298228,0.000413462201492216,0.00126073401392642,0.0131926537882271,0.00446743931318437,0.0258389552945011,0.854337110067505,0.0299050148201105,0.00122516052534156,0.0299909458899569,6.63892317548732e-05,0.000555350036688024,0.00114829572897958,0.000133856096818275,0.00080248190013414,0.00171978260397059
0.000488903139622082,0.00183876240258084,0.00238510478406617,0.00125512812548173,0.065444225571327,0.00194182260072522,0.0831746705087985,0.00101428576235171,2.42264269375384e-05,0.398069240572038,0.000176549011326202,3.72953453122299e-05,0.0695881119581334,0.0152450488930875,0.0324278206560448,0.0845419330442201,0.173621070660239,0.00277271668046829,0.0421307329245689,0.000359220359690359,0.00305859834077492,0.00686794816340801,0.000474448702481999,0.00284152836985184,0.0102206069964634
0.000300245100808542,0.00486279871121687,0.00619699875746055,0.000360413479622315,0.0326600709348851,0.0734364542878376,0.039037210372862,0.0751953238923413,0.00259484321435386,0.509526451021198,0.0977249180471025,0.00299959804303137,0.00124486150612108,0.00213288511276767,0.00717359087706876,0.00173462978127573,0.0166646321063202,0.00552251935153472,0.00852013987391553,0.00265427869088659,0.00448843064815504,0.0522179416193182,0.0112103619193589,0.00215332233829322,0.0393870803122642
0.00232523353350411,0.0180745274381423,0.00313676668454731,0.000232087036667024,0.0544973129663878,0.00100278302354079,0.00444947005179234,0.00816409584968165,0.0276957412501353,0.00104525720168918,0.00147479597660051,0.0105281517036433,0.0160755950441214,0.0817851420914723,0.0130487904091556,0.591681394130873,0.0392309850690666,0.00602350695382966,0.101370191424718,0.000198910106258471,0.00155321708030693,0.00339677478352682,0.000625080428589319,0.00842351023242912,0.00396067952932152
0.000313365810560441,0.00434720737178434,0.063368095724733,0.00119636500606238,0.0316699647484184,0.00596284732028402,0.0821401816922894,0.161199712477197,0.0165742692092877,0.0088211972922766,0.299497493573769,0.00476887308453582,0.00994363515940883,0.0088488489467054,0.0283401143044911,0.00310722905608697,0.00231035823656158,0.00969315572316919,0.0551608362710206,0.00180885362020155,0.00244613568681884,0.0587281878153581,0.0455645356534429,0.00154588780783517,0.0926426484077009
0.00393202833998451,0.0246688531501467,0.00733394646972404,0.00100705987246601,0.0406317116433555,0.0318999159044343,0.0319404396460669,0.311153636176125,0.0896401672483927,0.00962343103666166,0.0753485748019996,0.0193038909390429,0.00878679387489525,0.0159730371132002,0.0245318238191724,0.0230070454180085,0.0918228756993706,0.0487475617538965,0.0298663837961372,0.016077375383986,0.0325855704044742,0.0159198389661561,0.00707395900604671,0.0136680073783585,0.0254560721578979
0.000357564441531641,0.0493782891295243,0.00217984413334395,0.000365480534220929,0.163807057655271,0.0581309857674273,0.186269616118922,0.221874344102361,0.00121516202648654,0.0828356749458517,0.10249971009568,0.00156928607759474,0.0149334168215167,0.00136433692471357,0.00981611402396745,0.00265789122226213,0.0335020542457828,0.00464602621754979,0.0156829138167208,0.00284866225576489,0.00247727640392933,0.0297508401048211,0.000938177093257194,0.000757794274359256,0.0101414815671385
0.00112315843964322,0.0115501850548949,0.0040191563025569,0.0130240410602461,0.0222370720060219,0.0151660686907645,0.0955416801090302,0.285131501096411,0.0463723057599656,0.00580393008901908,0.124538673700139,0.0570207247529643,0.00419387370937005,0.0047334433690451,0.0106952979678112,0.000693987005312043,0.00206088147049729,0.0207080880232328,0.0122767197746868,0.0553027683100463,0.00168478097319194,0.174834906081291,0.00193174307362047,0.000422981078761978,0.0289320321014764
0.00274507559311121,0.00293987792304638,0.0227679855753069,0.00410458610382499,0.0913640656732636,0.0106490194804242,0.0184469289320311,0.00209364509065761,0.000333891584908085,0.438587798335965,0.000401199447718425,0.00112403236694307,0.000616338508934254,0.021506733958482,0.0829223620853488,0.000415660322870934,0.00705021775516698,0.00760223010170145,0.00693451940975909,0.0235115661280042,0.0401974207625063,0.0503405211179453,0.0116026202499988,0.0211689394067041,0.130572764085377
0.00168448951330418,0.00831637595413979,0.00692620533183564,0.000593695248843624,0.0393457648114592,0.0164592106439154,0.0303078175631492,0.301324175606832,0.033395115564827,0.00880177322659399,0.339757651216239,0.0159353967928192,0.00243667904896425,0.00799102992692181,0.0130004513676322,0.00862132721468275,0.0143616811025444,0.018209450209754,0.0184406342185392,0.00377539912323644,0.0102645198059224,0.0187953936584391,0.0300993418226699,0.0082038147705165,0.0429526062562195
0.00247900813293588,0.357008661508605,0.00060663543508403,0.000809758549279653,0.0148312724145831,0.0164270163516116,0.00186791845798945,0.00948330805751794,0.0250225610120998,0.00083140640932926,0.0101359431907609,0.0382936234792242,0.000654775630726192,0.0135858965257324,0.0735121056157814,0.0012697032297646,0.0739020059659972,0.00727315044090695,0.00152601598523923,0.000193550829509363,0.00277708784871266,0.00608153578761828,0.000729519764841716,0.33333887729052,0.00735866208562958
0.0290888806915537,0.237125914592782,0.00152186512384993,0.133757475280128,0.0306055371718505,0.00525184536935956,0.0060130287005377,0.00540530924373156,0.00745095982550272,0.00629291666722934,0.0156756891111805,0.0165105708154819,0.00701871671051741,0.0746504165238104,0.0132529370162054,0.00474620149175058,0.0591761801003834,0.0616084944006285,0.00609013121104477,0.0167628515114426,0.0514533605233121,0.0204522167188105,0.00302773021496588,0.165566186104791,0.0214945848791496
0.000204084711774768,0.0580902075685153,0.012226350691262,3.61226084592867e-05,0.048174519183088,0.00180516469839195,0.384040996094291,0.0858429634408888,0.000531033924103124,0.00931207879413135,0.0700108345313373,0.000608833886489725,0.00899871002184121,0.00313295598598605,0.251723503816996,0.00363988927799973,0.00428803775933317,0.00239985025707929,0.0276773107347659,0.000756174177156177,0.00706809580968905,0.00356171575015879,0.00228986025820496,0.000508990224246753,0.0130717157938109
0.00022305697675227,0.000562280771465496,0.452715297488251,0.000220998386729213,0.00749971299748547,0.000304110832498861,0.00595436709548272,0.00118913503607778,0.00017465390299065,0.00222032471084541,0.000862524181493962,0.000514760519081892,0.00112240454478532,0.00477850587139724,0.00181040048755301,0.00803313294446792,0.00290692280237263,0.00556059604312896,0.0097149599143198,0.000123373692492406,0.000384641268778485,0.000572092776705353,0.482460392010051,0.00311966252124796,0.00697169222354558
0.00247900813293588,0.357008661508605,0.00060663543508403,0.000809758549279653,0.0148312724145831,0.0164270163516116,0.00186791845798945,0.00948330805751794,0.0250225610120998,0.00083140640932926,0.0101359431907609,0.0382936234792242,0.000654775630726192,0.0135858965257324,0.0735121056157814,0.0012697032297646,0.0739020059659972,0.00727315044090695,0.00152601598523923,0.000193550829509363,0.00277708784871266,0.00608153578761828,0.000729519764841716,0.33333887729052,0.00735866208562958
0.0120397796513699,0.0615626080232876,0.000573642552614363,0.504867663620607,0.0184211741322702,0.0444993829850672,0.00431610966132799,0.00146023723754695,0.00764067299920328,0.00148355573746635,0.000579210821025764,0.117805857936922,0.000755211735546927,0.0119022571247659,0.00240450629231365,0.00318252729664144,0.0193687942857465,0.00790736094851719,0.00194476464488492,0.0605108281070914,0.000483103090439262,0.0331586989326094,0.00326777239022734,0.029379657409679,0.0504846223828278
0.743974209065641,0.00285819397315607,0.000523477843818433,0.0232500800007676,0.0222162357268685,0.0184538213492431,0.00337895238782991,0.00166070906228711,0.000843447673738553,0.00179023725473721,0.000408456927040047,0.00700142916521091,0.000384263709774789,0.00412431675405178,0.001693622858213,0.000571271022092291,0.00366367124078977,0.00509297281290508,0.00173770429937263,0.0400364179256268,0.0013364624081044,0.0921756508912809,0.000369068683614518,0.0161404403166768,0.0063148866471587
0.00127096648539801,0.0127218341650975,0.00540310205864639,0.0245580663523184,0.0343345892923131,0.0168928918199871,0.0719364618728285,0.296234418125048,0.0236081762561217,0.00681698917743199,0.0966613929070264,0.0363098229273092,0.00515350555321328,0.00625304037163753,0.0126177152947716,0.000808839544121015,0.00328411077134542,0.05185077787257,0.0127710276730836,0.0590151860659026,0.0019762531648902,0.184950884931969,0.00336211903387691,0.00070344407757478,0.0305043842055177
0.00140742464249802,0.0116451515166839,0.00476167690502139,0.00786657748554784,0.0310719027579386,0.0153901454365146,0.0809834759819226,0.283007716104866,0.0318383024723704,0.00656553949087836,0.142493711257865,0.0355836983088023,0.00527022443421148,0.00484923956056837,0.0131830284226073,0.000907743696243096,0.00236011107318916,0.0210637460238107,0.0158731345543967,0.0672230501977931,0.00210553558366901,0.18128468452601,0.002272863578265,0.000551871453986159,0.030439444534342
0.00610404019598242,0.0459652824807888,0.00431698650209421,0.0243351436424848,0.0348738025036645,0.0022420178836004,0.00386237166006701,0.00473810597692301,0.0051908367099121,0.00178183105071469,0.011923755250853,0.0198087772551731,0.0172168291669053,0.362721196194003,0.0108113206463621,0.0134069808223044,0.0447269622425627,0.127186382918004,0.0164686895036661,0.00160214587407577,0.00293488163800444,0.00374450150128973,0.0114988288755327,0.21445846449935,0.00807986500568139
0.00716281710213193,0.0214444380928982,0.00306126236801938,0.462098136200285,0.0667238381999882,0.0326525973611061,0.00826669098891053,0.00525733080383247,0.00742770198427515,0.0083762232531668,0.00225331194400888,0.0263140286727435,0.00370507818625994,0.0905417012659739,0.00637408855653317,0.00541924302076078,0.0210132174036088,0.0686338232460765,0.0107412008671667,0.0138490728964855,0.00208429319796827,0.0590719880176861,0.00374030863379896,0.0399551040759751,0.0238325036603403
0.00719061261400253,0.100375197727219,0.00116896366408599,0.00478616819974046,0.0415794671284633,0.00613951594869608,0.00508868165585425,0.0276835616408172,0.409373572649023,0.00264899893039709,0.119224559403331,0.142501488633756,0.00147604127325194,0.00834565426054158,0.00507492750568413,0.00333830356008876,0.0143312078922305,0.009350374928461,0.00460148471806728,0.00761230451577105,0.0200725338708028,0.0087425453350537,0.00264032418434008,0.0274367378164034,0.0192167719439183
0.00166758029171288,0.0021134888317171,0.0127521196399972,0.00475228551152885,0.0392082318638754,0.0010263510726216,0.0481637443217431,0.00197373675766198,0.000302122568931632,0.480647449438752,0.000526825294369018,0.000340055589880565,0.012448124606882,0.00535767412422078,0.0321837906360974,0.000320361405070803,0.00206829973600136,0.00345372228092475,0.0161141061467491,0.0242390401572394,0.192119395062378,0.0347673122225125,0.00496961656194353,0.00218576883662471,0.0762987970405644
0.00165989384927684,0.0352770979121323,0.00843374598381233,0.000988498770007233,0.0878476507006647,0.00431463797665251,0.157875476757667,0.0184970705015722,0.0227149111906833,0.0922644020249239,0.00307422198323202,0.00375561475954603,0.00639412548053097,0.0672965374797486,0.153295167222877,0.0107236083049144,0.021852172265009,0.0145900586231793,0.0180420045727262,0.000823688064722388,0.0251430871565578,0.00915516472214911,0.0220012196406003,0.00448059262001242,0.209499351436803
0.00222753374960199,0.110203006766284,0.000821814226150965,0.00340062111674422,0.0208651062053431,0.00433468818760153,0.00432053157235638,0.176634656598176,0.0568243018984847,0.00290203270098586,0.159593039379514,0.115133518422051,0.00268431619233786,0.00763549479034857,0.0253940153442652,0.022391026923159,0.0396222206187442,0.0713920913892501,0.00925572555322658,0.000493915544557237,0.111126700999233,0.00432587698425872,0.0121557715775036,0.0209834978626246,0.0152784953971974
0.000746347128349101,0.0511840578589801,0.0531059236371779,0.00246179916571036,0.0409192772790752,0.00343231444289658,0.476097389506918,0.00472962476842457,0.00314049377187411,0.061444874721413,0.00217011120658724,0.00174502380743781,0.0250256508043743,0.098505908646571,0.0194900842775013,0.0011809711925268,0.00345248254044377,0.00493408083240363,0.0137914942768325,0.00406502444520408,0.00229213769260379,0.0135519693785383,0.00225185370151887,0.00181719951103345,0.108463905405604
0.000397209730182241,0.13146538199744,0.0062668135638468,0.000913460263578708,0.0256265602452634,0.00390827377405044,0.0572862978362895,0.237626086719265,0.0128865570132841,0.0241168186459793,0.0747518477924554,0.0115088882763757,0.0033296472023237,0.00702958759773831,0.205284842595983,0.000575711806015149,0.0036648518066972,0.00875907384913343,0.00965260837779719,0.00156640203553559,0.0187663568876253,0.0291180950084728,0.00884663795167896,0.00167126485045005,0.114980724172539
0.000425123525002191,0.00584339386263132,0.000262009613588628,0.000172451649459088,0.0157415834642816,0.000305244146020992,0.00190286556423588,0.00100327589705938,0.000785638926280706,0.00290991728316836,0.000246282510150039,0.000611220709124691,0.0111957122891541,0.00670381687481871,0.0265003184453423,0.852616543002047,0.0294107204225036,0.00277362823167349,0.0352104203996629,4.36950749465673e-05,0.000734115239139944,0.000888996438319317,0.000390091865956501,0.00115627823151679,0.00216665633391522
0.00014407188791622,0.00125674333977445,0.000437122353867511,6.84531827274122e-05,0.0191586231014762,0.0014124982217858,0.0419857906826352,0.000978489601199879,0.000247839268892515,0.00771755384576196,0.00056560711377371,9.55919905769246e-05,0.510907893096579,0.00236901935329697,0.00672483346916498,0.0223895299566498,0.00299757980144732,0.000357587341449093,0.346959997780393,0.000170048143340404,0.000253763302297257,0.0100976645134982,0.000629398224893642,0.000116680745167641,0.0219576196814339
0.00132018859912515,0.0537728444692442,0.00655457667382405,0.0113591215947845,0.051541763862859,0.0200313466663651,0.00832264992801057,0.020429893153406,0.00431925465526194,0.00398125457056419,0.00236864050445528,0.0577872397416923,0.000483214943765807,0.00864964919693045,0.00428254860917705,0.00146304220915461,0.0116764367099294,0.666587418154123,0.00529539748472392,0.00279201293310847,0.00154619653711453,0.00589784678400371,0.0301355297842477,0.0101087035784693,0.00929322865565997
0.00422261320139993,0.0652909394318993,0.00235856390086121,0.00467604339889575,0.027284197780565,0.15228697241704,0.0105155042039621,0.36384892314651,0.0544014000922683,0.00224390154845684,0.0720850899113837,0.0791970626723526,0.00153278352301338,0.00545177409089438,0.00470475035014125,0.00352499185856164,0.031869289641195,0.0241616572635764,0.00511190359460854,0.0181897413238822,0.00243521100813362,0.0425364863581186,0.00227140944985046,0.00640850440006258,0.0133902854323674
0.00164549090217725,0.0109482682111046,0.00207837609078824,0.000156839704235308,0.0191045332516988,0.0823099452793717,0.00931457612855984,0.527641972382915,0.0192740143338006,0.000312108654586141,0.108183441382727,0.0273474027640236,0.00528652886088115,0.00460072046406495,0.00585433473135977,0.104062950702857,0.0142611812681552,0.00350736993063069,0.0283786986945859,0.00136684488555419,0.000765461654977381,0.0117558054073747,0.00123249195807313,0.00228903376999112,0.00832160858550544
0.00409167650161993,0.32665128343568,0.000502396498003375,0.000707889876383021,0.00909008323709479,0.00707669064519275,0.00200338377976274,0.230396599267785,0.0232480941025154,0.000182432639228348,0.0375422067979222,0.304154020619462,0.00163776084338407,0.00280093758071312,0.00232141815260146,0.00494590221958975,0.0189242456423738,0.00791343541773976,0.00317061307963004,0.00220365315234873,0.0014385050124488,0.00252305806843979,0.000600608070607718,0.00387125155274953,0.00200185380672374
0.000927259265785587,0.22362648718634,0.00555642200767513,0.000346253802210169,0.0677336415263302,0.00343251915942574,0.0653478020844929,0.294456701470946,0.00694160512661671,0.0102208160608391,0.129856118457377,0.00800124462321163,0.0439897615067362,0.00417346532861907,0.0337344723865007,0.00470561945366216,0.00905235576874439,0.00847195529077513,0.0246551756375682,0.0038048906593862,0.020083098701796,0.0174701299633312,0.00190576505838577,0.000991440789038612,0.0105149986842062
0.000714353355443373,0.224412342220912,0.00818325671923458,0.000762602668577505,0.0825257167559253,0.00390868192762249,0.0745893355921484,0.292703119699661,0.00531826964811419,0.010798271207752,0.149834421323833,0.0107361074580882,0.0327113927349726,0.00412765010258198,0.0200267530371125,0.00368184486479902,0.00976963725781205,0.0189969860761232,0.0148296878121864,0.00360230046912831,0.00565432601934431,0.00819177796299262,0.00315205165924983,0.00108491685737057,0.00968419656901484
0.00238996763639613,0.00578165452722531,0.00663347569224048,0.441094332338685,0.0523081843294067,0.00595479945718789,0.179376187770592,0.00454586719625594,0.000823509702868141,0.0219961484967792,0.0012910767316075,0.00318500460373956,0.00714815226411562,0.0360178467996954,0.0113025616159267,0.000740332046417469,0.00262124258953274,0.0132068413027283,0.0233218227869388,0.0422118378445424,0.00157355487737921,0.0146095418885465,0.0115799104022589,0.00865966716740755,0.101626479931527
0.000589900809983784,0.00364442678570562,0.000436849661566472,0.00104043022714648,0.0712109420147789,0.00217319899308197,0.0163440991922922,0.0130539280748533,0.000295184929060743,0.00175349018402032,0.010091782643125,0.000219141072294642,0.567704246775034,0.00296156092550785,0.00866252397554817,0.0918143994130588,0.055933892199496,0.00176273755755854,0.138687605008388,0.000751756311305769,0.0014465174474186,0.00428261280693806,0.00026501237994993,0.00204579765519033,0.00282796295669602
0.00102712756682449,0.0613456939454569,0.000560565007095015,0.000161079223905298,0.00423126700140602,0.00446051486918149,0.000870998069438739,0.0211973161027786,0.843722137157139,0.000306786929202088,0.00337348481372369,0.0288738627261731,0.000744802969752277,0.00333908535108886,0.00225217135280481,0.0022220390931957,0.00813669934820414,0.00315703459647858,0.00182556987633948,0.00153916407082158,0.00103642379588166,0.00218809673145207,0.000197660917998292,0.00150285881171588,0.00172755967194198
0.00157074484846871,0.0218260259822647,0.0201184342687225,0.00115444852992357,0.0643562741297374,0.0098688845279545,0.0441888206270628,0.277452514270051,0.121803584238862,0.00975843305451257,0.00877027258733425,0.0376141271603676,0.0226141523931907,0.0224636234941348,0.0154618610078866,0.0119171941371925,0.0101722199102975,0.020909284308241,0.121041297023873,0.0129507167134261,0.00218138958984125,0.0961573081261881,0.00339570719293915,0.00145317771690505,0.0407995041606218
0.00295072670224483,0.0230439694359459,0.0144702076005696,0.000563249219560357,0.0425398048736047,0.0200300214007835,0.0346518699449761,0.487742687702513,0.00750134537267342,0.00481366688971922,0.107887257416679,0.0110735782885227,0.0104415932573048,0.00622033996315843,0.0109178997950529,0.0632205919867389,0.0785895332771542,0.0181803092043506,0.0195377356186541,0.00296498691143061,0.00313920927446719,0.00967611839650398,0.00380748349381406,0.00446576270471163,0.0115700512688662
0.00033103760949985,0.00498084680699704,0.065824726953584,0.00143741567139642,0.037549420987549,0.0052800576513014,0.0883825165341138,0.0859282920898094,0.0131285948336847,0.00997178832738326,0.332861188581944,0.00395543753534183,0.0116463507439523,0.01053309060333,0.0283587781328519,0.0032534309616226,0.00248459008905026,0.00963561562718888,0.0600535812204528,0.00166700419483371,0.00254256572910627,0.0570088354367287,0.0562567880805485,0.00234193331359812,0.104586112284131
0.00389362654156045,0.0222757330492538,0.00700361596434042,0.142575772530218,0.0534748543313378,0.00357042896231328,0.0159037962742649,0.00142789087214431,0.0158051968672608,0.0208296366490499,0.000539120442385444,0.0254404877725092,0.00308081807582695,0.264234216312193,0.0143425712349584,0.0181560622362803,0.0127319485607296,0.0698187153879035,0.0183210101789194,0.00433133853474543,0.00688752104707921,0.0138149696548683,0.11004951341991,0.01866755306846,0.132823602031488
0.0212341749785388,0.171615868620694,0.0047656027279352,0.00320250710541514,0.0418737027655296,0.0900239301160352,0.00878483705075056,0.0722672001494749,0.0610098688914014,0.00130536792808429,0.00874781965903666,0.104019028834078,0.00724180819123603,0.0621047377766809,0.00786822652788982,0.0168377101977133,0.120550704982022,0.0301569400867972,0.0163660919527779,0.00775158494091932,0.00174493901115305,0.0566585590286292,0.00208953803763528,0.0648931005351599,0.0168861499044117
0.00165557966996512,0.00780784515193043,0.0038221638613016,0.000878903004442718,0.00863616774957536,0.0188886490241619,0.00171854513823943,0.0356705256554993,0.797541232437888,0.00127979317172462,0.00324308843182996,0.0248208010315892,0.000713180733075269,0.00449071127241228,0.00177538495536131,0.00204799611986812,0.0154812956507882,0.0313931152639899,0.00308480874497239,0.0173000086841429,0.00103334791504064,0.0100224144623478,0.00112251158079264,0.0020393072385638,0.00353262305049724
0.00160511515667594,0.0151485612426687,0.00376697855871074,0.000485454056612916,0.00685421148265568,0.00449138261527282,0.00252024737644512,0.0135345278566788,0.849998844851205,0.000885397040742371,0.00519063823058678,0.025226311889637,0.00145415656018197,0.0216310576324955,0.00196581132832644,0.00378450999225174,0.00481506934830738,0.00403841847139774,0.00599575073973699,0.00405885762408975,0.000834140875579444,0.0126266620497252,0.000551996915807144,0.00237684641888018,0.0061590516853291
0.00242209509773227,0.243313878096342,0.00103278193189911,0.000811867951839109,0.117561693296044,0.00342780760174282,0.0842931489992969,0.00264680451382663,0.0011236016723637,0.030787233441778,0.00160527257569741,0.00305119912044307,0.051159733050657,0.00548422307706918,0.0951349607326153,0.00368755648508908,0.00658052554981747,0.0136620663334156,0.24310665248304,0.00215070607277012,0.0103673474314585,0.0227623396108418,0.0102474339551577,0.00184697665699996,0.0417320942620624
0.00220083980562778,0.0503532074902071,0.0105536898154277,0.00851373240784521,0.045646365615417,0.0723708308927726,0.0468878933798108,0.0138714475983578,0.0140469175001604,0.0385765265877998,0.00223738243155971,0.0632118414856365,0.00557272572716923,0.0107252188830659,0.0437206405260735,0.000360996410919483,0.00271978144754231,0.00772677376705843,0.0251664339572221,0.180959207901409,0.00396645376855443,0.265030945504124,0.00214001047568007,0.00165258404826234,0.0817875525722964
0.0022166561225866,0.0589032665521289,0.00100118275146144,0.00673942137332048,0.00578190096195816,0.00234503775739873,0.000671309612392213,0.00803917190760643,0.519813234355357,0.000377100116123703,0.00212347969792364,0.34484971221695,0.000682771449385,0.0109766928003929,0.000749059104564485,0.00121820816275553,0.00890743823212729,0.00774704028034123,0.00131947003805261,0.00222930405727831,0.00184482830605385,0.00164772275101893,0.00088322811587007,0.00661551150930506,0.00231725176764738
0.036594855566641,0.239892604243456,0.000469916311277402,0.000706509183960983,0.00575519917818756,0.00168281565140329,0.000537783354253046,0.0178719074176839,0.302335034484722,7.2496317261647e-05,0.00489676116748408,0.354845702659072,0.000909166439856424,0.00542177997129414,0.000752107995093783,0.00380187699278921,0.00749626842477345,0.00462286363878334,0.00138201175508528,0.00211158571695532,0.000799111819659851,0.00119636301225829,0.000239406852622133,0.00471932375848916,0.00088654808693728
0.00489076709543929,0.0143521845181442,0.0163695504739283,0.00135475146300775,0.140899278797214,0.0105870728248807,0.114129489548135,0.471452285569522,0.00875247122394919,0.00963503653850079,0.0213777368719796,0.0141983058898981,0.0136445814251985,0.00665992597898975,0.0111167229202908,0.00602224147030382,0.0122749809467376,0.0211048644378542,0.0254219605390563,0.011056355193116,0.0033293499551078,0.0285221576575074,0.00447652310073759,0.00193999469047937,0.0264314108700211
0.000826481256884364,0.00427583581168718,0.0430461045888652,0.00149539313320646,0.0281089967719927,0.0033731370119663,0.0669289930504215,0.0690614361931724,0.113584129613372,0.00448564496555547,0.310507395361171,0.0479735619556242,0.00246674684988395,0.00969952131221456,0.00936547084813203,0.0167931237128338,0.0028509432338786,0.00456423847170181,0.0609962975088043,0.000864752803193027,0.0194488961001412,0.0101430185669005,0.035440258975169,0.00819272536699591,0.125506896536232
0.000665979690506475,0.00938659971318857,0.0515402802691053,0.000885452404818949,0.0299942586285437,0.00554061557657788,0.066354336554645,0.0624527581094444,0.126358958826199,0.00681700877336661,0.386386119810002,0.0137348869507441,0.00212880125892424,0.0074487119291357,0.00795035206616365,0.00892079659341268,0.0028487572748405,0.00308820336082474,0.0353723060886796,0.00101973788940097,0.014693214122603,0.0126553027748802,0.0162006316279245,0.00581722901878661,0.121738700687282
0.00113054921029739,0.174197818256989,0.00882542138133225,0.0130736063034281,0.0154991879520597,0.010270650477952,0.00558373936269844,0.0246229368843043,0.0168374307604126,0.0182141901042049,0.025037631468402,0.504818009596433,0.000115886835947858,0.00424456888190166,0.00890141698276866,0.000133321646833759,0.00477262731136524,0.0922631758551448,0.00111013797095471,0.00971302558341225,0.00486493038950571,0.00704326610439549,0.0323722485783728,0.00512847021654104,0.0112257518843422
0.00449084020386099,0.0451135879328543,0.020243825203187,0.0725396725354253,0.0613430057535006,0.0101040442804022,0.0819422147864518,0.00708188964278712,0.00133164837568508,0.0166453239634553,0.00115449932134055,0.0292420641891666,0.00190339778341807,0.153634625061925,0.141859553682695,0.00261088643238668,0.0151771912732847,0.0699405346216076,0.0137669711232905,0.00631915849718436,0.00584580093624829,0.0173957806590094,0.0356619441604616,0.0345241784373418,0.150127361143031
0.00119098658527476,0.0197915273930305,0.00150658765178532,0.000677205772465187,0.0066572348052412,0.0147035407523527,0.00134685973993503,0.0268673764820445,0.827644581226861,0.000709555996513803,0.00413928100112978,0.036054753237688,0.000542820305790373,0.0047311658352111,0.00145202410392123,0.00168965880127994,0.00844265221468502,0.0236147623803984,0.00241587054501973,0.00335336185808938,0.000992557108793677,0.00481483438770143,0.00124642275985201,0.00220072813654167,0.00321365091839382
0.00715549510780029,0.144765572356484,0.0151855732993712,0.0061502608357845,0.117881757415575,0.0273079852747218,0.0293537194085768,0.0368518766647411,0.00636302345405546,0.0116752304871424,0.00625952051211096,0.0408676145528256,0.00103120820662135,0.016884039068651,0.0124761202408175,0.00241884186118936,0.0282992848429261,0.151601904408634,0.00856512291957686,0.00562596559631904,0.00957471369392005,0.0112217716121085,0.154752981741255,0.0744042915809522,0.0733261248578394
0.000165600977482275,0.00197514110422803,0.000511611448170731,0.000114360713333099,0.0120489076340593,6.24665815805765e-05,0.00482275780554652,0.00111475276259007,0.000414695478017505,0.000518204636437657,0.000847678847697136,8.25571468629447e-05,0.80704292447959,0.00596047507711983,0.00259400546944285,0.0928355673960718,0.00909348394835253,0.000744322541849311,0.0532245717647974,2.36312354355081e-05,0.000735377229350004,0.000641584289266365,0.000365541947929044,0.000715277211938489,0.00334450227285145
0.00982159342581695,0.0595170846187708,0.00244664727491722,0.00150279376161619,0.00751880922137715,0.00257134267548621,0.00117157983172991,0.0105738031794458,0.682316607959337,0.00028103319862279,0.00307456685832496,0.134019153260901,0.00143249503547573,0.0443962884047425,0.0013310826255582,0.00408298502524377,0.00829211870948385,0.00589651878093278,0.00316153264355716,0.00224712326841526,0.000738922691825329,0.00294524422574456,0.000591774770731737,0.007197527939236,0.00287137061270793
0.00320130766084025,0.18108156289191,0.00104939275086086,0.0137282121010964,0.0445281909868786,0.0138283208467277,0.00562931953397138,0.00717270488704957,0.0421174966486865,0.0416063395980044,0.00141732206032377,0.169001647941793,0.00132732097672217,0.0138814333571329,0.0258429319375301,0.0147143647561799,0.0445873353466168,0.295947875084371,0.00708687103487645,0.00586847990802946,0.0052767936365912,0.0106257676474074,0.0138303074675437,0.0115199828336799,0.0251287181051767
0.00166905172608501,0.374666409439634,6.87136753815467e-05,0.00211703370313728,0.0141259716233601,0.0204169649482763,0.00178763873410206,0.0179125566900354,0.347169520535394,0.000330643283758556,0.0128787866504792,0.105006104628306,0.00342567795895794,0.00462732781784404,0.00426960335002226,0.0496930287281759,0.0112286013976185,0.00652085541515242,0.00845621896443004,0.00338933619417939,0.000600898502748035,0.00546986854388442,0.000246208412384476,0.000995143663576817,0.00292783541307643
0.000943167670811733,0.344164285650421,0.000253974709742995,0.000583362299587664,0.0032663654535407,0.0440823010060517,0.00104608634464498,0.025770962198938,0.383730113830208,0.000130029501447592,0.00420340906484185,0.164949029944343,0.000120235606202944,0.00117341174765771,0.000855237045668796,0.000196545050609752,0.00290829343236225,0.00342087156876754,0.00039456280397345,0.0113870987340507,0.000356989265527916,0.00379258411452102,0.000157579874204038,0.000634533826835859,0.00147896925503931
0.0320740950010922,0.122141430210808,0.000915710141440947,0.000553718837232239,0.0151091428875613,0.0022927508376145,0.00153960137611153,0.0514483258130136,0.333204400640631,0.000251677099789768,0.00591881874758114,0.304065112217886,0.00674338064390617,0.0135820636011774,0.00367274642060037,0.0498976642211786,0.0218436440317571,0.00828148927525774,0.0102862858775043,0.00164536751137017,0.00270802763362795,0.00283738202781542,0.000435349342369977,0.00647862221901561,0.00207319338365801
0.0010332250957456,0.00410010549948845,0.00142511028982385,0.000152332519398826,0.0863303906336859,0.00115091666584004,0.0342085485219351,0.00216867947221372,0.000185666364430184,0.00394447748170738,0.00070454186502996,0.000147618294772561,0.050848896481853,0.0153317314025188,0.0243715819232549,0.569881719871196,0.0757827659138051,0.00219915425882666,0.0953694120830831,3.53021575840795e-05,0.00211114666816434,0.00264466083321412,0.000817161988131881,0.00620734136471304,0.0188475123495838
0.00174794455465811,0.150986623786473,0.00049077321054104,0.000452472543775291,0.00611357093346406,0.00275329868424999,0.000875601197616854,0.0302275024903368,0.511090697819374,0.00028970467514926,0.00680105440092287,0.264267650283287,0.000359871177719159,0.00314983535813625,0.00134399129826653,0.000941435741555416,0.00333481475545284,0.00399988367999742,0.00128697420150894,0.0022982391812011,0.00186206234123127,0.00141474924298527,0.000399810599385572,0.00186917281994393,0.00164226502276699
0.00085015960452237,0.056242566138461,0.000484382581832051,0.000683736902653427,0.0363017377914673,0.000390617828489951,0.00905581215816813,0.00550968698214822,0.00289254579268491,0.00147330438033688,0.00799087834172101,0.00112376308623494,0.678318726205536,0.00887474183899621,0.00744271335207552,0.0449628642032618,0.0558846277832899,0.00577642998113448,0.0533300265267547,0.000166108037554323,0.00728274335102228,0.00159614012460537,0.000897922327664175,0.0064661041050554,0.00600166057432973
0.0379771144923415,0.0192808580318396,0.00884656738293674,0.140983806660937,0.0961883045007813,0.0112996224916425,0.0204799455578517,0.019126999130989,0.00666378845594062,0.0387800945722619,0.0033553888948096,0.0784389917171565,0.00601509292059908,0.220720785008542,0.0244866025181253,0.00786137255544915,0.0143898066876789,0.0204186415755801,0.0337240052702276,0.0114713081928379,0.0204186781599671,0.0465074247203409,0.0164935403896052,0.0315384732524952,0.0645327868590636
0.00102234821596701,0.338539165741383,0.0255440767526732,0.00196054748439644,0.0732392148594961,0.00748123914248258,0.125799307129442,0.0159072467991501,0.0148571070503293,0.0468708914878079,0.0143433195860241,0.00861749352081795,0.00288165110107562,0.0150926756771251,0.14061713527824,0.00490214802176939,0.0566238858775197,0.0102455600614402,0.00891307321418836,0.000993133823320327,0.00854739306156502,0.0134845556130364,0.00434701756069265,0.00599791823788751,0.0531718947021694
0.00310412202520007,0.0404640568174012,0.0149750309376684,0.00378505794302297,0.160897437530747,0.0540344320621943,0.0895977815176335,0.0665710997992599,0.00768604799221563,0.0300949619205545,0.00504600681784393,0.0103130626119778,0.00176666375002447,0.118572610898801,0.0535011289444593,0.00395227853165194,0.0240759441173641,0.170378700755044,0.0129119577029631,0.00410058390355769,0.00966790391547885,0.0309774276428745,0.0112191160356338,0.0161834458445903,0.0561231399818381
0.00553084257498485,0.134859433757191,0.000846045378068651,0.00294923247780439,0.0435735634496237,0.00809624429007986,0.00431616935434667,0.0161690849973517,0.536387987372706,0.00245147430331679,0.0154237728036877,0.063609459716979,0.00300874099659927,0.0422907388055699,0.00686380127443882,0.00614213256383695,0.0253450740311102,0.00652478183734324,0.00597542118474383,0.00147323703221853,0.00572836773394439,0.0299201610648736,0.000407480621658182,0.0217247470047291,0.0103820053727932
0.00051114811885795,0.0059604628293651,0.0038994418862937,0.000633636477882844,0.0336014938673354,0.00677475100624823,0.081868035952685,0.593851262373058,0.0526771453205674,0.0108067864155776,0.0196845050979621,0.00856650252469025,0.0105315845716432,0.00440079697792024,0.0101489930263109,0.00528277558383744,0.00755322325971195,0.0397437299903426,0.0366815577077578,0.00564970491868411,0.0039426416677746,0.0298283155803483,0.00296883345249964,0.000472916092086315,0.0239597553005601
0.000563896924882725,0.00438212488973082,0.0094799263682903,0.000375755374057943,0.0390309304615352,0.00849930276794174,0.0994178430487697,0.439266370720678,0.109344944103207,0.00878938742612727,0.0139242687584086,0.00641614053606105,0.0144004319640136,0.00775936996085893,0.012226592825214,0.0139936549334813,0.00630849787676501,0.0164857947249354,0.0818265456406234,0.00344813283858298,0.00273350841699161,0.0470040310043479,0.00484435166245568,0.000560796781841931,0.0489173999901983
0.00852312832664218,0.10459308326604,0.00208552133834129,0.474289066803093,0.0495562985784735,0.0431640312823657,0.00584288810950489,0.0041358673696493,0.0110736608649416,0.00312666773553136,0.00116212074464558,0.0866888954184196,0.00177391032091718,0.0823970974379559,0.00494700099690535,0.00152265447972596,0.0106171105671442,0.0341698931697935,0.00422242969305664,0.0106902435958554,0.00156513504911618,0.0160015367969192,0.00343235691406564,0.020708870766556,0.0137105303743404
